---
build/assets/images/meta-image-a9c36f78.jpg: 2023-10-14 17:54:46.944008105 +02:00
build/assets/images/favicon-98f97bc0.png: 2023-10-14 17:54:50.120071545 +02:00
build/assets/images/accompagnement-3c1f8a3a.jpg: 2023-10-14 17:54:46.892007066 +02:00
