---
build/assets/images/meta-image-a9c36f78.jpg: 2023-04-20 23:10:54.099601316 +02:00
build/assets/images/favicon-98f97bc0.png: 2023-04-20 23:10:57.295664469 +02:00
