---
build/assets/images/meta-image-a9c36f78.jpg: 2023-05-22 13:13:11.155089147 +02:00
build/assets/images/favicon-98f97bc0.png: 2023-05-22 13:13:14.263161962 +02:00
