---
build/assets/images/meta-image-a9c36f78.jpg: 2023-05-22 17:17:34.567791829 +02:00
build/assets/images/favicon-98f97bc0.png: 2023-05-22 17:17:37.763851769 +02:00
