---
build/assets/images/meta-image-a9c36f78.jpg: 2023-04-15 21:39:56.002162747 +02:00
build/assets/images/avatar-chloe-d47b77b1.jpg: 2023-04-15 21:39:55.946162037 +02:00
