---
build/assets/images/meta-image-a9c36f78.jpg: 2023-11-02 14:20:09.550125843 +01:00
build/assets/images/favicon-98f97bc0.png: 2023-11-02 14:20:13.298203589 +01:00
build/assets/images/accompagnement-3c1f8a3a.jpg: 2023-11-02 14:20:09.458123935 +01:00
