---
build/assets/images/meta-image-a9c36f78.jpg: 2023-05-17 14:39:21.120550483 +02:00
build/assets/images/favicon-98f97bc0.png: 2023-05-17 14:39:24.280638354 +02:00
