---
build/assets/images/acc_eft-cd38431b.png: 2024-02-12 14:20:52.111844572 +01:00
build/assets/images/meta-image-a9c36f78.jpg: 2024-02-12 14:20:47.955765927 +01:00
build/assets/images/accompagnement_default-3c1f8a3a.jpg: 2024-02-12 14:20:47.879764483
  +01:00
build/assets/images/favicon-98f97bc0.png: 2024-02-12 14:20:51.151826457 +01:00
build/assets/images/acc_sophro-67ab6e04.png: 2024-02-12 14:20:51.535833704 +01:00
build/assets/images/acc_liberation_parole-c4182764.png: 2024-02-12 14:20:50.815820108
  +01:00
