---
build/assets/images/meta-image-a9c36f78.jpg: 2023-10-13 21:44:09.226100221 +02:00
build/assets/images/favicon-98f97bc0.png: 2023-10-13 21:44:12.394152644 +02:00
build/assets/images/accompagnement-3c1f8a3a.jpg: 2023-10-13 21:44:09.114098369 +02:00
