---
build/assets/images/meta-image-a9c36f78.jpg: 2023-04-20 23:14:34.223974700 +02:00
build/assets/images/favicon-98f97bc0.png: 2023-04-20 23:14:37.424038588 +02:00
