---
build/assets/images/meta-image-a9c36f78.jpg: 2023-05-22 13:37:10.254083974 +02:00
build/assets/images/favicon-98f97bc0.png: 2023-05-22 13:37:13.474150808 +02:00
