---
build/assets/images/favicon-98f97bc0.png: 2025-01-01 13:44:02.738572022 +01:00
build/assets/images/meta-image-d6cf8582.jpg: 2025-01-01 13:43:59.626502961 +01:00
