---
build/assets/images/meta-image-a9c36f78.jpg: 2023-05-16 20:41:17.720721788 +02:00
build/assets/images/favicon-98f97bc0.png: 2023-05-16 20:41:20.820756091 +02:00
