---
build/assets/images/meta-image-a9c36f78-6878450e.jpg: 2023-12-22 20:11:51.985166777
  +01:00
build/assets/images/meta-image-a9c36f78.jpg: 2023-11-02 14:20:09.550125843 +01:00
build/assets/images/accompagnement-sophro-67ab6e04.png: 2023-12-22 20:11:56.101253765
  +01:00
build/assets/images/accompagnement-eft-cd38431b.png: 2023-12-22 20:11:56.709266609
  +01:00
build/assets/images/favicon-98f97bc0.png: 2023-11-02 14:20:13.298203589 +01:00
build/assets/images/favicon-98f97bc0-97864f3f.png: 2023-12-22 20:11:51.985166777 +01:00
build/assets/images/accompagnement-3c1f8a3a-6b333054.jpg: 2023-12-22 20:11:51.985166777
  +01:00
build/assets/images/accompagnement-3c1f8a3a.jpg: 2023-11-02 14:20:09.458123935 +01:00
