---
build/assets/images/acc_eft-cd38431b.png: 2024-02-09 16:42:43.956122817 +01:00
build/assets/images/meta-image-a9c36f78.jpg: 2024-02-09 16:42:39.860064378 +01:00
build/assets/images/accompagnement_default-3c1f8a3a.jpg: 2024-02-09 16:42:39.788063352
  +01:00
build/assets/images/favicon-98f97bc0.png: 2024-02-09 16:42:42.984108939 +01:00
build/assets/images/acc_sophro-67ab6e04.png: 2024-02-09 16:42:43.376114536 +01:00
