---
build/assets/images/favicon-98f97bc0.png: 2025-01-01 12:34:59.391901890 +01:00
build/assets/images/meta-image-d6cf8582-2fb0ac72.jpg: 2025-01-01 13:14:28.871749337
  +01:00
build/assets/images/favicon-98f97bc0-97864f3f.png: 2025-01-01 13:14:28.871749337 +01:00
build/assets/images/meta-image-d6cf8582.jpg: 2025-01-01 12:34:56.247820894 +01:00
