---
build/assets/images/meta-image-a9c36f78.jpg: 2023-11-02 14:15:16.388091919 +01:00
build/assets/images/favicon-98f97bc0.png: 2023-11-02 14:15:19.588157176 +01:00
build/assets/images/accompagnement-3c1f8a3a.jpg: 2023-11-02 14:15:16.340090941 +01:00
