---
build/assets/images/meta-image-a9c36f78.jpg: 2023-05-22 13:48:44.030306827 +02:00
build/assets/images/favicon-98f97bc0.png: 2023-05-22 13:48:47.146365421 +02:00
